69 10.4805 37.8569
598 230.771 283.369
1019 85.7628 491.103
66 8.73861 51.1614
861 133.784 459.214
110 20.9543 75.7046
454 140.375 187.927
244 20.9414 92.5264
492 44.7319 237.288
810 141.901 394.739
325 211.786 189.819
566 64.5393 303.861
113 27.0933 58.6144
149 29.2856 57.3128
905 252.869 462.014
378 178.627 182.37
703 95.9237 281.602
476 162.217 209.954
159 30.4417 67.3977
395 64.3939 286.669
129 24.7234 50.3544
230 41.7548 118.914
652 127.836 361.178
333 58.1165 150.991
517 247.854 229.892
513 95.0138 207.192
955 104.169 423.674
39 10.4806 41.2776
118 22.3992 58.479
60 14.1026 27.7265
564 349.101 270.406
328 172.213 188.575
472 100.262 191.102
149 42.09 67.9096
709 64.0997 432.885
405 212.494 228.935
172 93.307 73.5833
123 25.9474 39.7439
1025 113.684 541.032
267 64.6731 210.632
927 160.082 463.489
201 36.1736 91.462
494 97.4238 250.726
529 119.721 276.558
132 27.2611 108.422
74 17.9942 37.8874
281 116.464 119.325
412 75.2119 292.642
351 57.0868 153.248
102 23.5426 40.5305
548 62.3485 380.308
413 44.7648 235.24
123 14.9473 67.3621
623 72.9347 444.684
901 110.58 564.171
76 14.1048 32.9754
72 20.2905 34.0762
863 69.8818 567.257
416 57.3716 285.319
669 191.654 376.999
68 15.1237 23.3215
84 11.897 91.9964
278 53.4177 132.738
275 59.2097 99.8071
265 54.8786 205.877
406 47.8798 217.632
565 90.9702 336.97
461 62.6348 205.245
249 31.9415 124.188
883 268.343 420.889
502 89.1555 376.055
94 33.3016 52.6923
54 11.6961 21.8858
114 22.4798 63.6197
473 72.4214 183.227
301 46.6182 173.035
109 21.0115 72.3577
135 18.3437 68.9577
122 18.5585 63.3554
270 42.1878 152.167
805 93.881 342.516
708 278.379 313.984
678 146.72 312.287
104 20.814 65.8334
149 28.6652 93.7147
198 40.4318 88.6115
370 57.8256 153.825
121 25.8048 49.3938
386 68.3537 262.326
160 32.2127 119.745
630 97.724 255.05
632 170.957 313.409
125 25.8219 62.6949
528 173.541 242.829
229 34.9547 113.86
709 78.5036 341.604
89 21.5043 52.3511
1053 179.147 553.412
410 69.8405 237.605
400 80.4632 180.059
62 12.1484 30.0302
93 19.1518 49.8494
201 41.8472 82.3968
368 85.1372 167.446
938 111.576 438.416
551 241.745 244.407
802 165.064 425.908
514 65.704 314.487
62 17.0512 30.9071
166 29.3189 78.5233
45 10.968 18.6331
138 53.4238 83.0687
350 55.7285 264.531
77 21.7143 32.584
780 89.863 353.059
203 47.3434 130.45
155 38.5606 75.3986
258 42.4165 192.613
59 13.108 29.3196
242 28.3352 192.842
457 41.8911 190.462
69 14.3035 35.461
212 36.5023 117.194
300 67.1349 156.662
46 11.6799 18.2635
162 39.2344 75.0554
198 33.8073 148.932
525 123.818 234.635
79 20.6179 32.9911
167 40.9782 86.0374
412 95.2922 216.917
249 47.2826 123.699
39 10.5889 13.1471
71 9.47294 34.1824
72 16.1351 28.3771
879 121.718 367.803
850 73.3781 485.123
147 25.4096 77.1691
768 100.365 523.444
161 26.131 102.832
88 18.105 37.0256
336 50.9286 210.664
440 80.6601 312.132
114 22.4245 45.0301
404 99.9447 180.693
124 29.4641 57.374
394 116.514 163.197
58 16.2089 30.7778
312 272.586 112.932
155 25.9195 82.867
712 74.8817 431.502
64 18.3618 27.3715
653 113.514 347.383
248 139.112 95.5711
355 83.7158 174.297
235 207.798 115.496
181 28.3429 96.593
165 28.7274 60.558
239 39.1227 137.009
546 164.736 280.155
941 241.343 453.288
437 136.285 214.096
880 100.789 511.422
167 27.0677 58.1378
394 68.029 193.089
177 98.0408 105.401
270 48.317 115.684
340 42.5619 150.331
208 37.4011 117.778
91 19.7274 43.9623
503 83.1136 225.092
212 21.6099 96.1722
549 118.624 327.406
200 45.6013 118.682
391 262.645 170.503
219 45.5095 99.8279
162 15.295 147.194
327 91.8055 122.03
364 57.6499 181.576
64 13.1991 28.494
550 85.2613 275.306
437 70.1421 200.952
111 22.4632 55.0159
162 42.3571 69.1234
312 78.2527 126.846
45 8.53246 20.2334
89 17.0543 38.0898
62 12.3686 26.4328
45 10.8797 18.1464
198 41.3566 108.624
153 12.9331 77.2942
38 15.4384 50.5207
50 12.9632 19.6792
150 34.0564 55.5686
120 27.854 63.8904
198 22.2391 93.5849
63 11.743 30.7267
115 27.2073 46.0125
62 9.82311 35.9707
143 37.3733 63.2208
