724 71.9512 361.725
753 101.728 403.822
876 242.25 546.675
776 122.92 488.701
757 60.5369 497.487
309 38.3429 150.484
493 87.0544 242.969
924 209.844 479.978
848 67.8398 443.412
711 158.624 312.026
848 83.7724 400.005
1118 93.4671 633.063
913 80.0024 413.462
850 152.934 521.251
581 121.832 258.75
1152 96.9705 564.204
1214 166.363 649.78
555 281.141 256.123
570 65.2345 253.673
1030 170.541 519.884
1011 80.5196 504.965
1180 148.754 557.929
662 279.226 317.889
946 105.542 492.19
414 146.933 190.61
519 171.254 225.224
824 248.114 405.792
1035 145.477 537.504
138 27.6869 76.7111
435 125.676 202.634
784 71.6187 409.47
1061 153.217 496.966
1249 110.403 630.755
1190 99.8959 490.358
788 149.808 408.494
1155 274.112 475.577
742 107.065 368.982
837 81.3998 512.703
283 49.5737 116.257
1222 202.407 591.13
1062 164.776 504.209
819 100.949 428.57
1054 154.432 545.309
1197 217.172 633.151
482 64.55 249.256
448 96.1045 214.864
721 131.621 288.74
1034 93.4566 539.063
894 70.3447 426.817
635 82.4388 244.58
816 92.915 369.924
751 151.57 365.603
1236 162.983 522.193
588 84.9024 263.991
436 56.8807 186.42
686 103.3 331.285
586 92.5957 324.671
1292 210.393 547.573
852 140.342 522.662
1149 83.9945 489.976
361 78.5613 171.265
197 30.3402 91.0991
363 261.141 198.487
255 52.9131 89.0585
231 35.3108 118.431
607 232.264 291.161
880 119.047 336.072
656 285.347 333.107
438 60.7841 223.208
209 31.537 83.9128
1048 90.764 502.071
458 78.4158 215.133
1040 108.48 517.745
960 158.036 471.98
811 108.085 405.463
118 20.2332 66.9295
819 97.838 311.14
461 63.7514 202.581
369 50.2106 185.298
943 113.912 452.877
1270 128.075 582.173
661 99.783 334.72
874 142.874 454.861
449 216.588 236.332
776 66.216 349.235
873 204.509 499.021
730 119.075 410.816
840 72.3745 337.253
1114 97.8466 538.38
1049 136.838 538.858
1029 148.953 562.1
954 145.428 456.852
838 115.615 397.653
896 124.756 456.917
632 63.1818 299.188
454 204.833 218.72
332 43.1223 211.742
710 99.2423 342.55
1006 187.683 539.935
1028 162.368 486.172
861 113.297 461.727
475 54.3102 199.947
663 155.805 315.198
691 72.7 301.772
1099 243.551 553.472
878 138.964 382.87
780 68.7838 372.641
678 38.3717 310.889
1043 115.78 535.749
283 79.8626 181.281
892 54.2978 462.91
662 81.1764 310.341
701 130.604 309.538
662 107.778 280.82
163 34.4815 58.6125
248 122.911 117.041
1108 256.442 567.393
679 268.754 362.812
1062 81.2896 469.136
611 81.3145 293.231
1197 142.59 595.199
750 56.672 432.452
118 25.2208 42.6169
684 108.2 316.051
286 26.1611 146.191
819 108.645 343.984
681 89.8597 318.523
988 153.511 512.067
630 143.273 538.598
953 289.584 435.759
494 108.711 248.575
459 47.3468 213.526
952 71.7599 419.801
1214 129.583 566.035
1373 131.445 629.502
1117 74.926 545.452
968 146.298 441.677
1352 212.166 586.518
1355 94.3636 598.99
286 36.3142 122.078
563 70.9416 322.32
1229 199.869 615.411
816 90.0093 478.176
859 87.4397 399.232
1299 153.659 635.119
937 126.461 387.192
566 49.6137 255.878
912 114.658 441.256
886 72.2419 395.092
268 48.9651 116.239
886 109.189 435.04
572 91.5328 276.346
1255 187.303 626.709
466 50.8363 238.219
892 107.283 520.822
526 64.2909 221.12
765 67.1251 501.447
704 72.6813 374.76
511 59.8902 235.794
633 64.3302 268.506
290 160.33 193.486
1022 64.6659 516.541
667 103.413 296.039
907 113.518 429.042
1115 219.401 562.565
1165 88.3055 462.559
1201 128.378 601.474
523 64.1653 250.024
843 61.3387 468.599
221 45.5303 124.583
1020 153.675 438.076
632 101.28 320.459
543 69.3938 227.038
1050 67.7709 490.863
857 133.082 361.476
861 129.313 327.159
1255 120.01 526.266
939 76.07 452.017
572 231.056 242.081
487 147.169 274.235
962 101.841 394.453
611 255.29 280.678
549 80.7975 255.404
333 141.395 147.286
518 97.2912 265.389
595 92.6353 255.957
818 72.8043 481.733
939 177.166 470.59
762 165.146 347.971
1398 99.5909 585.741
523 179.879 226.745
1141 166.219 554.668
686 247.859 354.322
473 92.0152 218.925
735 93.5911 452.429
850 136.152 411.153
917 69.1668 434.234
1213 157.197 601.731
981 120.544 464.297
1189 200.468 523.142
